<?xml version="1.0" encoding="UTF-8" standalone="no"?>
<svg
   xmlns:dc="http://purl.org/dc/elements/1.1/"
   xmlns:cc="http://creativecommons.org/ns#"
   xmlns:rdf="http://www.w3.org/1999/02/22-rdf-syntax-ns#"
   xmlns:svg="http://www.w3.org/2000/svg"
   xmlns="http://www.w3.org/2000/svg"
   xmlns:sodipodi="http://sodipodi.sourceforge.net/DTD/sodipodi-0.dtd"
   xmlns:inkscape="http://www.inkscape.org/namespaces/inkscape"
   version="1.0"
   width="128px"
   height="128px"
   viewBox="0 0 4969.000000 4713.000000"
   preserveAspectRatio="xMidYMid meet"
   id="svg2"
   sodipodi:docname="logo.svg">
  <defs
     id="defs38" />
  <sodipodi:namedview
     pagecolor="#ffffff"
     bordercolor="#666666"
     borderopacity="1"
     objecttolerance="10"
     gridtolerance="10"
     guidetolerance="10"
     inkscape:pageopacity="0"
     inkscape:pageshadow="2"
     inkscape:window-width="1301"
     inkscape:window-height="744"
     id="namedview36"
     showgrid="false"
     inkscape:zoom="0.04005941"
     inkscape:cx="3105.625"
     inkscape:cy="2945.625"
     inkscape:window-x="65"
     inkscape:window-y="24"
     inkscape:window-maximized="1"
     inkscape:current-layer="svg2" />
  <metadata
     id="metadata4">
Created by potrace 1.11, written by Peter Selinger 2001-2013
<rdf:RDF>
  <cc:Work
     rdf:about="">
    <dc:format>image/svg+xml</dc:format>
    <dc:type
       rdf:resource="http://purl.org/dc/dcmitype/StillImage" />
  </cc:Work>
</rdf:RDF>
</metadata>
  <g
     transform="matrix(0.1,0,0,-0.1,-279.58474,4588.3779)"
     id="g6"
     style="fill:#2c2c2c;stroke:none">
    <path
       d="m 27846,43948 c -18,-300 -137,-2940 -132,-2945 8,-8 2966,-146 2974,-139 7,8 27,454 20,461 -3,3 -566,32 -1252,64 -686,33 -1249,60 -1251,62 -1,2 23,564 56,1249 32,685 59,1264 59,1286 l 0,41 -182,7 c -101,4 -206,9 -234,12 l -51,6 -7,-104 z"
       id="path8"
       inkscape:connector-curvature="0" />
    <path
       d="m 26876,44010 c -125,-16 -230,-30 -231,-32 -2,-2 -186,-370 -409,-818 -349,-700 -428,-864 -470,-984 -5,-15 -22,5 -84,97 -48,73 -277,354 -617,757 -297,353 -549,653 -560,666 l -20,25 -262,-32 c -145,-18 -263,-35 -263,-38 0,-3 204,-245 453,-536 248,-292 606,-711 794,-931 l 341,-401 59,-487 c 32,-268 61,-492 64,-498 5,-8 456,37 467,48 2,1 -22,216 -53,477 l -57,474 571,1117 c 314,614 571,1118 571,1121 0,9 -60,4 -294,-25 z"
       id="path10"
       inkscape:connector-curvature="0" />
    <path
       d="m 31470,43815 c 0,-3 -144,-675 -321,-1491 -176,-817 -319,-1487 -317,-1488 4,-4 2883,-625 2930,-632 l 36,-6 12,58 c 7,33 27,129 46,214 19,85 34,162 34,171 0,12 -14,19 -47,26 -27,5 -587,126 -1245,269 -965,208 -1198,261 -1198,274 0,19 166,789 171,795 2,2 546,-114 1207,-257 662,-142 1206,-257 1209,-254 7,6 104,448 100,452 -2,2 -544,120 -1206,263 -662,143 -1205,262 -1207,264 -8,7 162,771 172,774 6,2 564,-116 1240,-262 676,-146 1235,-264 1243,-263 10,2 29,72 63,227 26,123 46,226 43,229 -3,3 -2472,539 -2937,638 -16,3 -28,3 -28,-1 z"
       id="path12"
       inkscape:connector-curvature="0" />
    <path
       d="m 21892,43099 c -761,-224 -1385,-409 -1387,-411 -8,-8 130,-448 140,-448 7,0 265,75 575,166 371,109 565,162 570,155 3,-6 167,-559 364,-1229 197,-669 361,-1220 364,-1223 6,-6 440,116 450,126 2,1 -160,557 -359,1234 -199,677 -359,1234 -357,1237 4,4 1152,344 1162,344 4,0 -128,448 -134,453 -3,2 -628,-180 -1388,-404 z"
       id="path14"
       inkscape:connector-curvature="0" />
    <path
       d="m 18760,41909 c -1089,-537 -1152,-572 -1310,-728 -151,-149 -243,-317 -275,-496 -18,-103 -19,-160 -4,-241 36,-208 159,-423 307,-539 75,-60 190,-119 282,-145 106,-31 311,-38 440,-16 189,33 296,79 973,412 353,174 667,326 697,337 43,16 79,21 160,22 99,0 109,-2 177,-34 88,-41 162,-115 200,-198 22,-49 27,-73 27,-148 1,-85 -1,-96 -36,-167 -63,-127 -127,-177 -381,-302 -482,-236 -1901,-937 -1904,-940 -5,-5 199,-426 207,-426 14,0 1995,981 2062,1021 179,106 363,281 451,427 77,128 109,233 114,377 6,142 -9,227 -61,346 -55,129 -95,188 -191,285 -77,77 -105,98 -185,138 -142,69 -226,88 -395,89 -161,0 -276,-20 -446,-79 -62,-21 -367,-165 -744,-351 -352,-173 -665,-325 -695,-336 -77,-29 -228,-35 -306,-13 -114,33 -207,121 -250,236 -10,27 -17,77 -18,125 -1,73 3,87 37,159 27,57 55,96 101,141 75,74 14,42 1271,660 490,241 893,440 897,444 6,5 -196,432 -204,430 -2,0 -451,-221 -998,-490 z"
       id="path16"
       inkscape:connector-curvature="0" />
    <path
       d="m 36510,40468 c 3,-3 88,-42 190,-87 893,-398 1721,-817 2309,-1170 236,-142 718,-439 855,-529 111,-71 642,-456 976,-708 118,-88 298,-234 400,-324 231,-203 550,-491 550,-497 0,-3 -41,-51 -90,-108 l -91,-104 -152,116 c -84,64 -265,207 -403,318 -137,111 -324,256 -415,322 -90,66 -326,240 -524,388 -458,341 -1265,880 -1735,1157 -476,282 -1075,587 -1570,801 -212,91 -435,178 -438,170 -1,-4 -36,-84 -77,-178 -67,-155 -76,-170 -101,-173 -42,-5 -177,32 -479,133 -154,51 -281,92 -282,91 -2,-2 108,-45 245,-96 136,-51 301,-117 367,-145 154,-67 1084,-494 1179,-542 53,-27 499,-268 514,-278 3,-2 -167,-317 -180,-333 -20,-24 -151,17 -343,108 -49,23 -342,156 -649,296 l -560,253 -28,-24 c -36,-30 -64,-39 -240,-74 -166,-33 -211,-53 -216,-95 -3,-23 6,-38 50,-80 89,-84 218,-154 620,-337 211,-95 473,-219 583,-274 214,-107 983,-521 1000,-537 6,-6 -98,44 -230,110 -401,200 -799,376 -1120,495 -82,30 -308,108 -502,172 -362,119 -543,166 -958,250 -537,108 -759,132 -1130,121 -316,-9 -477,-41 -552,-112 -20,-19 -34,-37 -31,-40 3,-3 57,-16 119,-30 238,-53 403,-121 641,-262 148,-89 308,-170 400,-204 32,-11 57,-22 56,-23 -2,-2 -73,12 -158,31 -378,81 -1136,203 -1430,229 -541,47 -1037,47 -1182,-1 -86,-28 -71,-70 49,-132 161,-84 412,-171 903,-316 985,-291 1704,-549 2450,-879 1722,-761 3262,-1761 4690,-3046 260,-233 939,-914 1175,-1176 613,-682 1098,-1304 1558,-1997 1530,-2306 2500,-5023 2781,-7788 61,-595 80,-1007 80,-1685 1,-818 -36,-1410 -134,-2180 -422,-3308 -1818,-6450 -3990,-8980 -1522,-1772 -3342,-3185 -5415,-4201 -1050,-515 -2091,-903 -3215,-1200 -2619,-691 -5369,-756 -7979,-188 -2821,614 -5434,1909 -7601,3768 -600,516 -1234,1144 -1761,1746 -963,1101 -1787,2332 -2439,3645 -148,297 -370,776 -370,796 0,15 273,290 515,518 334,316 531,492 826,738 l 147,122 233,-100 c 1755,-755 3790,-1523 5759,-2173 261,-87 481,-159 488,-162 9,-2 -36,-56 -116,-142 -666,-706 -1347,-1576 -1841,-2350 -60,-93 -60,-89 19,-146 l 47,-34 119,181 c 454,692 988,1381 1563,2017 196,217 383,410 396,410 8,0 119,-33 247,-74 864,-275 2235,-680 2965,-877 l 163,-44 0,-921 c 0,-907 0,-923 21,-990 17,-56 31,-77 78,-125 49,-48 69,-61 127,-78 l 69,-21 2095,2 2095,3 47,22 c 66,30 141,104 169,166 24,52 24,54 27,491 l 3,438 31,-6 c 17,-3 34,-6 39,-6 5,0 9,-189 9,-425 0,-398 1,-427 20,-477 38,-103 127,-176 241,-199 l 56,-11 7,-91 c 3,-50 5,-92 3,-93 -1,-2 -63,-7 -137,-13 -74,-6 -155,-16 -180,-24 l -45,-13 -3,-186 c -2,-171 -1,-188 15,-196 37,-19 132,-33 266,-39 133,-6 137,-7 137,-28 0,-13 3,-36 6,-53 l 6,-31 -2423,-4 c -1766,-3 -2442,-7 -2489,-15 -169,-30 -272,-64 -309,-101 -21,-21 -21,-30 -21,-474 l 0,-453 28,-26 c 36,-35 150,-72 287,-94 104,-17 340,-18 4365,-22 2860,-2 4305,1 4408,8 230,15 408,56 464,107 17,15 18,47 18,478 l 0,462 -24,22 c -31,29 -144,65 -277,87 -97,17 -235,19 -2027,21 -1505,3 -1924,6 -1927,16 -2,6 -6,31 -8,55 l -5,42 1986,0 c 1955,0 2107,2 2199,33 l 38,12 0,190 0,189 -45,13 c -99,29 -327,33 -2246,33 -1780,0 -1962,1 -1968,16 -3,9 -6,51 -6,95 l 0,79 2033,2 2032,3 67,33 c 78,38 129,94 159,172 16,44 19,77 19,256 l 0,206 23,-6 c 12,-3 30,-6 39,-6 17,0 18,-83 20,-1507 l 3,-1508 30,-60 c 21,-42 43,-69 73,-90 l 44,-30 643,0 643,0 44,30 c 28,21 53,50 73,90 l 30,59 3,1484 2,1485 188,-6 c 103,-4 409,-10 681,-13 435,-6 494,-5 489,8 -3,8 -22,39 -41,70 l -36,55 -493,7 c -271,3 -559,9 -640,12 l -146,7 -4,167 c -3,162 -4,168 -33,225 -20,40 -45,69 -73,90 l -44,30 -619,3 c -412,2 -633,-1 -659,-8 -53,-14 -96,-52 -128,-114 -25,-47 -27,-62 -30,-198 -4,-160 -3,-157 -59,-142 l -23,6 0,729 c 0,711 0,730 -21,783 -26,70 -92,139 -167,174 l -57,27 -1767,3 c -973,1 -1768,4 -1768,6 0,15 151,318 229,460 316,576 762,1183 1243,1691 l 86,90 33,-13 c 34,-12 50,-5 62,31 2,6 27,5 72,-3 39,-7 84,-14 100,-16 17,-2 185,-26 375,-54 1661,-239 3013,-367 4660,-441 554,-24 2320,-23 2320,3 0,5 -18,35 -40,66 l -40,57 -213,-6 c -342,-11 -1373,-10 -1747,1 -1345,39 -2644,142 -4105,326 -367,46 -1050,140 -1094,150 -22,5 58,88 745,775 768,769 769,771 944,898 300,219 753,528 1065,728 l 110,70 70,-8 c 39,-5 219,-22 400,-38 735,-67 1369,-107 2260,-143 436,-18 2426,-18 2890,0 1074,41 1768,80 2775,157 616,48 1711,144 1719,151 6,5 -81,116 -96,121 -7,3 -219,-13 -471,-36 -1518,-136 -2580,-204 -3957,-253 -482,-17 -2422,-17 -2865,0 -710,27 -1317,61 -1855,102 -344,27 -675,57 -680,62 -5,5 334,216 680,423 538,322 1138,664 1824,1039 228,124 416,228 419,231 3,3 -10,22 -30,43 -19,20 -42,47 -50,59 -14,22 -15,22 -283,-123 -924,-501 -1862,-1043 -2558,-1478 -238,-149 -270,-166 -309,-166 -52,1 -178,16 -185,23 -2,3 36,59 85,124 179,237 147,187 1817,2843 2593,4126 2925,4641 3885,6045 890,1301 925,1355 1093,1692 l 76,152 -36,22 c -31,19 -37,20 -47,8 -6,-8 -113,-145 -237,-304 -1058,-1358 -2104,-2871 -3534,-5115 -142,-223 -479,-754 -748,-1180 -913,-1444 -1257,-1983 -1663,-2607 -164,-252 -562,-854 -568,-859 -3,-3 -788,24 -791,27 -2,3 255,382 572,844 316,462 2004,2926 3751,5475 1746,2549 3183,4643 3192,4654 17,18 20,16 95,-34 141,-95 278,-145 337,-122 32,13 76,69 94,119 18,52 17,168 -2,234 -57,195 -217,342 -419,384 -95,20 -115,19 -202,-10 -42,-14 -78,-23 -81,-21 -9,10 29,138 57,195 77,150 191,201 453,201 163,0 275,-38 352,-119 39,-41 38,-71 -10,-208 -33,-97 -38,-121 -42,-236 l -5,-127 59,5 c 33,3 83,8 112,11 34,4 61,13 77,27 31,28 131,222 235,458 l 82,186 -176,215 c -134,164 -182,217 -203,221 -15,4 -62,13 -103,22 -316,68 -613,18 -836,-140 -116,-83 -273,-271 -323,-388 -11,-25 -36,-113 -57,-195 l -37,-149 -66,-32 c -36,-17 -80,-44 -98,-59 -45,-38 -930,-1170 -1415,-1807 -419,-552 -1854,-2507 -2979,-4060 -1107,-1526 -1735,-2408 -2634,-3695 -225,-322 -410,-587 -412,-589 -1,-2 -109,-28 -240,-58 -633,-143 -1240,-298 -1833,-468 l -355,-101 -7,44 c -4,24 -18,61 -31,81 -42,64 -77,139 -91,199 -12,48 -14,52 -15,23 -1,-46 -20,-154 -30,-170 -6,-9 -114,5 -482,64 -261,41 -499,82 -531,91 -83,24 -115,15 -185,-56 -108,-110 -156,-215 -205,-446 l -23,-109 -6,81 c -4,57 -13,95 -32,132 -38,76 -104,169 -168,238 -31,34 -63,72 -70,85 -11,19 -15,124 -17,520 l -3,496 86,-18 c 181,-39 192,-53 205,-285 14,-255 28,-269 29,-31 l 1,198 58,-6 c 220,-26 309,-77 344,-199 13,-47 16,-244 7,-451 -6,-110 0,-71 25,177 18,175 35,320 38,323 6,6 263,-87 536,-195 159,-63 184,-75 198,-102 9,-18 19,-79 25,-156 9,-120 27,-238 34,-230 2,2 8,82 14,177 6,96 13,176 15,178 10,10 82,-40 104,-71 12,-18 28,-62 34,-97 l 11,-64 12,42 c 14,46 42,91 91,143 18,19 38,48 44,64 11,30 16,203 70,2362 35,1386 35,1451 15,1570 -28,162 -90,343 -174,506 -61,118 -764,1346 -1438,2513 -813,1407 -1103,1913 -1129,1970 -13,29 -34,90 -47,136 -21,80 -22,103 -22,449 0,201 4,658 8,1015 8,633 8,652 -11,726 -21,80 -167,433 -845,2049 -222,531 -527,1260 -677,1620 -151,360 -275,657 -277,659 -5,7 -144,-124 -893,-835 -399,-379 -1753,-1665 -3010,-2859 -3988,-3787 -4298,-4082 -4325,-4130 l -26,-44 16,-70 c 14,-58 15,-78 6,-118 -17,-69 -72,-138 -175,-215 -123,-92 -162,-133 -199,-207 -42,-86 -44,-147 -18,-616 12,-209 30,-582 41,-830 30,-674 107,-2118 114,-2140 2,-5 11,24 22,65 16,63 19,114 19,325 l 0,250 33,67 c 46,94 122,160 275,238 122,64 288,162 512,304 l 120,76 5,-53 5,-52 24,45 c 65,122 105,151 686,501 259,155 929,561 1490,902 2162,1314 2548,1547 2552,1543 1,-1 9,-69 17,-151 10,-106 16,-345 20,-816 l 6,-667 -28,-53 c -37,-72 -93,-112 -266,-192 -314,-145 -1686,-790 -2941,-1382 -731,-345 -1365,-640 -1407,-656 l -78,-29 -2,263 c -3,255 -3,260 -17,192 -9,-42 -15,-140 -16,-245 -1,-194 -7,-214 -67,-265 -18,-16 -53,-37 -78,-48 -25,-11 -155,-72 -290,-137 -135,-64 -290,-136 -345,-159 -176,-75 -225,-126 -233,-246 -2,-33 24,-499 57,-1035 86,-1370 78,-1281 80,-900 2,519 10,552 157,625 83,42 576,212 629,217 17,1 54,-1 83,-6 l 52,-8 92,61 91,61 756,249 c 416,138 1377,453 2136,701 759,248 1434,469 1499,490 130,43 130,43 142,-18 4,-18 3,-361 -2,-762 -9,-716 -9,-729 -30,-757 -40,-54 -86,-68 -479,-152 -209,-45 -999,-217 -1756,-383 l -1377,-301 -368,131 c -679,243 -628,222 -634,262 -7,47 -40,56 -40,10 0,-17 -4,-29 -8,-26 -5,3 -51,21 -103,39 l -95,35 30,-61 c 31,-59 32,-60 104,-85 l 72,-26 0,-214 c 0,-237 -7,-269 -62,-298 -16,-8 -115,-33 -221,-55 -173,-35 -659,-141 -664,-144 -1,0 6,-131 15,-291 l 18,-289 6,169 c 9,228 1,220 278,284 96,22 257,57 357,76 l 182,36 53,-20 53,-20 40,29 c 22,15 55,36 73,45 18,9 276,69 573,131 l 540,115 362,-124 c 515,-176 1745,-571 1870,-602 15,-3 27,-9 27,-13 0,-5 -4380,-452 -4387,-447 -1,1 -6,60 -11,131 l -9,130 -2,-132 c 0,-72 3,-133 8,-135 4,-1 20,-217 35,-478 14,-261 29,-501 32,-533 l 6,-57 -143,50 c -1631,575 -3708,1388 -5389,2110 -195,84 -361,155 -368,158 -8,3 -2,-19 16,-54 l 30,-59 418,-179 c 1701,-727 3519,-1441 5174,-2031 135,-48 251,-92 258,-97 7,-6 12,-34 12,-67 l 0,-56 -317,-155 c -1279,-625 -2443,-1353 -3460,-2163 -94,-76 -174,-137 -177,-137 -40,0 -2189,984 -2283,1045 -17,12 -31,55 -77,242 -339,1394 -496,2690 -496,4093 0,1120 99,2163 310,3271 74,384 109,677 111,915 1,171 -5,213 -33,244 -30,32 -65,21 -176,-52 -51,-34 -109,-64 -129,-67 -42,-7 -33,19 -122,-356 -219,-924 -360,-1947 -423,-3070 -17,-306 -17,-1537 0,-1855 48,-895 121,-1622 273,-2730 59,-433 64,-466 90,-592 25,-118 23,-162 -8,-166 -16,-2 -56,30 -160,129 -209,200 -271,241 -329,219 -34,-13 -61,-78 -69,-165 -6,-66 -2,-87 83,-410 50,-187 116,-437 147,-555 121,-459 503,-1546 733,-2084 53,-125 55,-133 54,-216 0,-105 -21,-164 -65,-186 -58,-31 -131,-4 -347,129 -238,146 -325,154 -361,30 -97,-340 322,-1425 992,-2569 214,-365 369,-609 996,-1564 110,-168 237,-368 283,-445 46,-77 165,-264 263,-415 210,-320 251,-387 261,-417 44,-140 -496,410 -923,941 -242,299 -602,793 -847,1161 -290,435 -309,465 -559,895 -215,369 -303,530 -486,893 -77,152 -141,277 -143,277 -2,0 3,-26 10,-57 16,-68 18,-113 4,-113 -25,0 -139,207 -250,455 -40,88 -101,223 -135,301 -35,77 -112,250 -170,385 -129,295 -233,502 -275,547 -36,39 -47,39 -147,-8 -124,-57 -201,-159 -240,-315 -24,-96 -23,-401 1,-575 97,-704 382,-1536 919,-2680 149,-319 182,-419 163,-493 -15,-62 -110,-53 -301,29 -151,64 -211,84 -258,84 -33,0 -39,-3 -35,-18 11,-40 453,-739 656,-1037 531,-779 1057,-1457 1670,-2156 569,-649 1291,-1371 1939,-1939 C 17251,2495 21271,687 25547,156 26790,1 28103,-40 29375,35 c 3676,218 7292,1431 10330,3466 1955,1309 3792,2994 5231,4799 1220,1530 2232,3218 3009,5015 1368,3166 1955,6649 1675,9935 -153,1795 -509,3453 -1082,5040 -320,887 -312,867 -657,1620 -93,201 -191,417 -220,480 -28,63 -110,228 -181,365 -72,138 -227,442 -345,676 -152,304 -308,592 -541,1000 -408,716 -405,712 -838,1360 -320,481 -391,580 -687,960 -488,628 -550,701 -975,1149 -289,305 -584,596 -734,724 -275,235 -657,531 -875,677 -106,71 -396,227 -365,197 8,-9 97,-88 198,-177 398,-353 821,-757 1151,-1102 274,-285 535,-568 530,-573 -5,-5 -144,123 -464,424 -126,119 -302,279 -390,355 -207,180 -462,407 -656,586 -85,78 -338,296 -564,484 -225,189 -480,403 -565,475 -85,73 -272,220 -415,328 -143,108 -381,288 -530,401 -293,222 -435,319 -1000,687 -485,316 -625,396 -1390,797 -235,123 -522,257 -549,257 -6,0 -23,-23 -39,-50 -48,-89 -117,-111 -275,-92 -128,16 -456,103 -639,169 -10,3 -16,4 -13,1 z m -9848,-7938 c 49,-124 146,-376 215,-560 112,-299 182,-472 296,-736 95,-219 112,-415 79,-887 l -17,-238 -228,445 c -246,480 -431,868 -446,937 -13,63 -14,111 -12,722 1,405 4,548 12,545 7,-2 52,-105 101,-228 z m -3367,-1250 c 0,-583 -3,-741 -13,-765 -14,-33 -104,-105 -641,-518 -371,-286 -343,-273 -357,-166 -4,27 -10,47 -15,42 -4,-4 -22,-44 -39,-88 -35,-90 -72,-150 -109,-180 -275,-219 -3390,-2586 -3489,-2651 -75,-49 -79,-47 -82,31 l -1,40 -20,-62 c -39,-125 -92,-176 -420,-413 -57,-41 -207,-152 -333,-248 -125,-95 -231,-170 -234,-167 -3,3 -5,206 -4,452 1,421 2,448 20,472 10,14 214,197 453,407 l 434,380 3,-228 2,-228 25,0 25,0 0,168 c 0,92 5,196 11,232 18,113 38,140 230,309 655,578 3375,2941 3411,2964 37,23 46,22 54,-8 8,-34 20,-31 40,8 9,17 40,68 69,112 59,89 155,178 650,604 221,190 285,240 305,238 l 25,-2 0,-735 z m 3633,-1008 332,-628 -2,-572 -3,-571 -353,509 -352,509 -7,682 c -7,722 -8,699 37,699 10,0 133,-223 348,-628 z m 477,357 c 81,-154 155,-400 195,-643 28,-169 45,-433 34,-525 l -9,-74 -58,80 c -226,315 -302,684 -250,1217 l 6,69 24,-29 c 12,-16 39,-59 58,-95 z m -4114,-646 c 7,-19 11,-282 12,-768 l 2,-740 -30,-54 c -16,-29 -48,-69 -70,-88 -41,-35 -460,-295 -1290,-797 -253,-154 -1061,-644 -1795,-1090 -1240,-753 -1513,-916 -1532,-916 -5,0 -8,24 -8,53 l 0,52 -30,-64 c -53,-112 -150,-188 -425,-337 -55,-30 -208,-121 -340,-202 l -240,-148 -3,463 c -2,397 0,468 13,493 14,26 270,219 795,599 l 155,112 3,-233 c 2,-148 6,-228 12,-218 5,8 6,63 3,125 -10,188 33,297 175,446 98,104 108,111 642,495 607,435 1326,959 2650,1928 1051,769 1255,915 1283,916 4,0 12,-12 18,-27 z m 4073,-574 c 147,-181 237,-403 267,-660 13,-114 6,-696 -9,-711 -9,-9 -174,188 -235,280 -20,31 -47,82 -59,112 -21,53 -21,69 -22,548 -1,270 1,492 4,491 3,0 27,-27 54,-60 z m -304,-969 c 264,-352 500,-670 525,-706 l 45,-65 0,-535 0,-534 -86,62 c -130,94 -210,177 -247,256 -35,74 -34,60 -27,387 2,89 -2,201 -11,275 l -14,125 -5,-389 -5,-389 -325,297 c -179,164 -335,309 -347,322 l -23,25 0,755 c 0,747 0,754 20,754 15,0 146,-168 500,-640 z m -166,-1541 c 298,-293 317,-314 330,-363 10,-35 17,-139 21,-336 11,-463 22,-492 24,-62 l 1,382 108,-95 c 122,-109 176,-170 205,-235 20,-44 21,-60 18,-605 -1,-308 -4,-561 -5,-562 -2,-2 -774,472 -933,573 -78,50 -104,72 -112,96 -8,21 -11,263 -11,769 0,741 0,744 31,748 4,1 149,-139 323,-310 z m -3528,-1501 c -4,-299 -11,-674 -14,-833 -7,-280 -8,-291 -31,-328 -14,-23 -41,-47 -70,-61 -25,-13 -255,-92 -511,-175 -256,-84 -1246,-409 -2200,-723 -1486,-488 -1826,-597 -1872,-598 -5,0 -8,128 -8,285 0,275 -1,285 -19,285 -19,0 -20,-10 -23,-262 l -3,-263 -27,-46 c -26,-44 -34,-49 -115,-79 -89,-33 -593,-200 -735,-244 l -78,-24 0,479 0,479 28,30 c 20,22 142,83 451,225 233,108 426,194 428,191 2,-2 7,-30 10,-62 l 6,-58 13,42 c 17,58 57,108 118,147 29,18 302,148 607,288 305,140 1288,593 2184,1007 1560,721 1823,840 1854,840 12,0 13,-79 7,-542 z m 6197,-194 c 110,24 127,21 208,-32 110,-72 120,-90 128,-225 3,-62 4,-184 1,-271 l -5,-159 -79,84 c -43,46 -101,115 -129,154 -65,91 -141,251 -168,351 -37,136 -37,432 -1,564 4,14 8,-87 10,-224 l 2,-248 33,6 z m -648,226 c 19,-21 20,-38 23,-421 1,-219 -1,-399 -5,-399 -17,0 -160,128 -195,175 -64,84 -68,110 -64,367 3,147 9,235 16,250 7,13 35,46 63,75 l 50,52 46,-38 c 25,-21 55,-49 66,-61 z m -2184,-66 c 172,-161 279,-255 368,-321 178,-134 265,-229 330,-366 63,-132 76,-210 65,-407 -5,-91 -8,-319 -7,-508 l 1,-343 -436,221 c -338,171 -445,230 -474,260 l -38,39 0,765 c 0,720 1,765 18,769 9,3 24,5 33,6 8,0 71,-51 140,-115 z m 2399,-172 c 69,-76 167,-217 211,-304 79,-156 115,-332 106,-512 -5,-105 -36,-248 -58,-270 -13,-14 -139,75 -203,145 -66,71 -117,159 -145,252 -36,119 -43,221 -36,519 l 8,278 28,-21 c 15,-11 55,-50 89,-87 z m 927,-360 c 79,-78 134,-168 166,-267 19,-61 22,-92 22,-235 0,-107 -5,-184 -14,-218 l -13,-54 -55,54 c -161,155 -232,351 -219,598 7,144 15,190 32,190 7,0 44,-30 81,-68 z m -471,-249 c 95,-93 168,-191 219,-298 66,-135 86,-217 92,-379 6,-147 -11,-336 -30,-336 -6,0 -39,19 -74,41 -90,59 -192,172 -236,261 -61,125 -71,179 -72,393 0,198 12,385 24,385 4,0 39,-30 77,-67 z m -812,-168 c 79,-78 133,-174 163,-285 34,-123 15,-522 -35,-758 l -7,-32 -40,27 c -120,81 -189,165 -209,255 -8,37 -10,181 -8,476 l 4,422 31,-17 c 17,-10 62,-50 101,-88 z m 1639,-145 32,-65 3,-223 c 4,-218 3,-223 -16,-213 -39,21 -91,91 -106,142 -23,77 -19,275 10,439 l 6,34 20,-24 c 10,-14 34,-54 51,-90 z m -1350,-192 c 163,-112 273,-271 329,-473 36,-132 31,-537 -8,-677 -6,-19 -41,8 -272,206 -132,114 -136,123 -128,311 18,406 34,655 43,655 3,0 19,-10 36,-22 z m 949,-58 c 31,-28 78,-82 104,-121 93,-140 120,-277 108,-556 l -7,-173 -30,18 c -17,9 -61,46 -97,82 -73,71 -119,154 -139,250 -12,58 -13,550 -1,550 3,0 31,-23 62,-50 z m 548,-204 c 0,-163 -4,-247 -11,-251 -6,-4 -12,-5 -13,-4 -2,2 -9,85 -15,184 -6,99 -14,210 -17,248 l -6,67 31,0 31,0 0,-244 z m -3816,-300 c 111,-74 260,-164 332,-201 378,-192 489,-396 428,-788 -12,-80 -14,-142 -9,-289 4,-120 3,-188 -3,-188 -11,0 -773,303 -864,343 -98,44 -92,2 -96,675 -2,320 0,582 4,582 4,0 98,-60 208,-134 z m 2993,-136 c 157,-181 178,-290 131,-677 l -21,-182 -46,31 c -235,160 -340,281 -357,412 -4,26 -2,105 4,175 6,69 16,198 22,286 16,242 3,232 129,101 60,-61 122,-127 138,-146 z m 652,110 c 23,-48 26,-68 26,-155 0,-55 -7,-158 -15,-228 -14,-127 -14,-128 -32,-105 -69,86 -93,196 -78,359 5,57 10,138 10,179 l 1,75 31,-35 c 16,-19 42,-60 57,-90 z m 149,-557 -3,-128 -30,60 c -51,102 -47,288 9,403 l 21,44 3,-126 c 1,-69 1,-183 0,-253 z m -1829,295 c 86,-49 163,-132 190,-203 21,-54 23,-74 19,-195 -1,-74 -2,-260 0,-413 l 3,-279 -33,7 c -109,22 -191,64 -221,114 -9,16 -21,60 -27,97 -14,100 -13,904 1,904 6,0 37,-14 68,-32 z m 1343,-220 c 65,-54 143,-174 170,-261 31,-96 32,-301 4,-423 -10,-45 -22,-87 -26,-94 -12,-20 -105,36 -175,105 -134,133 -158,266 -104,585 30,177 25,165 57,144 15,-9 48,-35 74,-56 z m -1001,-74 c 201,-106 330,-290 368,-525 15,-90 13,-276 -4,-394 -15,-106 -30,-183 -38,-191 -5,-5 -191,101 -295,168 -107,70 -109,75 -117,389 -7,245 0,589 12,589 3,0 36,-16 74,-36 z m 1332,-314 32,-65 5,-240 c 3,-132 4,-241 3,-243 0,-2 -15,4 -32,12 -38,20 -76,70 -96,127 -30,84 -29,295 2,492 l 6,39 24,-29 c 13,-15 39,-57 56,-93 z m -839,-97 c 96,-50 219,-173 268,-268 85,-165 99,-376 39,-610 -20,-81 -15,-79 -131,-34 -170,65 -238,131 -259,252 -15,87 -15,697 0,697 6,0 43,-17 83,-37 z m 998,-81 c 22,-54 23,-68 21,-282 l -2,-225 -30,-3 -31,-3 0,291 c 0,178 4,289 9,285 5,-3 20,-31 33,-63 z m -485,-327 c 109,-65 154,-131 161,-239 3,-58 -33,-504 -43,-514 -6,-6 -114,40 -158,67 -51,33 -102,97 -115,145 -5,17 -7,163 -4,323 l 5,292 56,-25 c 31,-14 75,-36 98,-49 z m -6686,-778 c 18,-350 30,-640 26,-643 -3,-3 -223,-27 -488,-54 l -483,-49 -325,100 c -682,210 -2018,646 -2008,655 2,2 339,74 748,160 409,85 1077,225 1484,310 407,85 799,167 870,182 l 130,27 7,-25 c 4,-14 21,-312 39,-663 z m 5360,639 c 86,-35 137,-80 167,-145 l 25,-54 -2,-401 c -1,-220 -4,-402 -5,-404 -2,-1 -34,4 -72,13 -99,22 -167,64 -192,117 -19,41 -20,62 -17,448 1,223 5,415 9,428 9,28 13,27 87,-2 z m 1612,-146 c 87,-76 115,-259 76,-495 -16,-97 -16,-97 -52,-89 -122,26 -136,84 -97,424 11,96 20,178 20,182 0,16 20,7 53,-22 z m -1111,-137 c 120,-71 160,-146 193,-358 9,-54 18,-101 20,-104 3,-2 5,68 5,157 0,89 2,162 5,162 12,0 294,-176 334,-208 70,-57 71,-61 71,-411 0,-170 -3,-312 -7,-314 -5,-3 -42,0 -83,5 -215,25 -327,116 -363,293 l -14,70 -18,-95 c -10,-52 -20,-98 -22,-102 -4,-9 -197,59 -263,92 -55,27 -86,55 -108,95 -15,26 -17,82 -20,448 l -3,418 108,-57 c 59,-31 134,-72 165,-91 z m -10037,-133 c 165,-59 307,-110 315,-113 13,-4 13,-5 0,-11 -45,-18 -756,-166 -797,-166 -10,0 -13,54 -13,235 l 0,234 98,-35 c 53,-20 232,-84 397,-144 z m 11315,-110 c 0,-242 -2,-280 -15,-280 -13,0 -15,37 -15,274 0,266 1,277 28,285 1,1 2,-125 2,-279 z m -500,-236 c 126,-59 183,-131 182,-233 0,-31 -1,-158 -1,-284 l -2,-227 -22,5 c -12,2 -49,9 -82,15 -89,15 -146,47 -170,95 -18,37 -20,66 -23,359 l -4,318 23,-7 c 13,-4 58,-22 99,-41 z m 348,-283 27,-56 0,-237 c 0,-188 -3,-238 -13,-238 -7,0 -31,9 -53,21 -61,31 -79,78 -79,209 0,94 21,314 36,379 l 5,24 25,-24 c 13,-12 37,-48 52,-78 z m 140,-79 c 29,-68 46,-200 39,-306 -7,-104 -26,-206 -38,-206 -15,0 -56,83 -70,140 -19,79 -17,268 5,363 20,88 29,90 64,9 z m -3480,-123 c 72,-36 121,-88 167,-179 39,-78 55,-147 55,-242 0,-136 -48,-257 -150,-379 -77,-91 -86,-124 -100,-359 -7,-102 -13,-187 -15,-188 -2,-2 -13,-1 -24,3 -17,5 -21,15 -21,48 0,23 -7,100 -15,171 -18,153 -37,195 -119,255 -146,108 -224,242 -242,415 -19,185 79,381 228,455 84,43 152,43 236,0 z m 5816,-691 c -5,-7 -148,-213 -318,-458 -171,-245 -332,-480 -358,-523 -81,-135 -125,-264 -188,-548 l -21,-96 -52,8 c -190,31 -1218,202 -1289,215 l -88,16 0,317 c 0,174 3,352 6,396 l 7,81 76,22 c 708,208 1338,375 2026,536 221,52 208,50 199,34 z m 546,-461 c 0,-72 -23,-267 -46,-388 -40,-213 -154,-600 -253,-855 l -31,-81 -128,18 c -477,68 -778,113 -784,118 -10,9 9,152 33,246 11,44 38,117 59,161 47,98 119,194 130,173 4,-8 15,-72 25,-144 10,-71 21,-133 24,-138 4,-4 34,39 66,95 291,508 407,644 658,768 83,41 202,85 240,89 4,1 7,-27 7,-62 z m -4328,-899 c 43,-13 78,-26 78,-29 0,-4 -16,-10 -35,-13 -45,-9 -92,-57 -101,-104 -4,-20 -2,-89 5,-152 6,-63 18,-203 26,-310 30,-384 30,-377 11,-405 -15,-22 -23,-25 -77,-25 -47,0 -61,4 -66,17 -4,9 4,221 16,470 13,250 22,456 20,458 -2,2 -269,-44 -594,-101 -324,-57 -598,-104 -607,-104 -10,0 -18,6 -18,14 0,19 -11,17 355,81 710,125 761,137 844,199 42,32 45,32 143,4 z m -11198,-85 c 3,-32 8,-106 12,-165 6,-115 21,-159 64,-190 14,-10 1245,-450 2735,-978 1491,-528 2718,-964 2728,-968 13,-5 -26,-37 -175,-142 -868,-610 -1664,-1275 -2427,-2026 l -267,-262 -624,208 c -876,291 -1427,484 -2225,777 -1102,406 -2370,910 -3417,1360 l -206,89 128,102 c 801,638 1764,1265 2775,1807 211,113 872,445 886,445 4,0 10,-26 13,-57 z m 16163,22 c 82,-34 113,-90 113,-202 0,-63 -7,-97 -35,-177 -19,-55 -37,-101 -39,-103 -2,-2 -156,15 -342,37 -187,23 -363,44 -392,47 l -53,6 43,44 c 24,25 77,73 118,107 237,198 465,292 587,241 z m -3084,-135 c 216,-38 516,-90 667,-115 151,-25 287,-48 301,-51 l 26,-5 -74,-342 c -41,-188 -168,-787 -284,-1332 l -209,-989 -52,-53 -53,-52 -530,89 c -935,156 -1832,326 -2669,505 -143,30 -261,55 -264,55 -2,0 -3,37 0,83 8,149 40,183 246,258 64,23 344,127 622,232 669,250 963,357 1270,462 140,47 289,104 331,126 134,70 212,163 245,289 15,58 16,110 10,488 -6,387 -5,422 10,422 9,0 192,-31 407,-70 z m 1622,-270 c 215,-33 404,-62 421,-65 l 31,-5 -59,-158 c -73,-191 -170,-474 -164,-479 5,-5 105,152 209,327 47,80 108,177 135,216 l 50,71 89,-13 c 48,-7 234,-32 413,-55 179,-23 327,-43 329,-45 3,-3 -2,-26 -11,-53 l -15,-48 42,-21 42,-20 48,64 47,64 66,-6 c 65,-7 80,-10 71,-18 -2,-2 -107,-72 -234,-156 -126,-84 -317,-214 -423,-288 -173,-120 -195,-132 -210,-119 -15,13 -39,-1 -223,-127 -300,-205 -370,-259 -535,-416 -155,-147 -268,-232 -332,-250 -79,-21 -251,-2 -332,38 -45,22 -53,57 -47,192 4,115 25,207 203,930 95,387 100,416 67,427 -6,2 -38,-34 -73,-79 l -62,-83 5,40 c 4,22 9,77 13,122 6,77 8,82 28,78 12,-3 197,-32 411,-65 z m -5532,-487 c 62,-888 78,-1182 65,-1205 -5,-10 -43,-41 -85,-69 l -76,-52 -34,18 -34,19 6,80 c 6,80 75,1522 75,1562 0,17 27,40 50,43 3,1 18,-178 33,-396 z m -15118,-558 c 415,-199 1073,-500 1575,-722 168,-74 308,-138 312,-141 4,-4 -70,-73 -165,-153 -344,-291 -636,-560 -995,-914 -123,-121 -225,-218 -227,-214 -12,18 -224,556 -294,743 -151,402 -321,924 -431,1316 -28,102 -54,193 -56,203 -6,19 8,13 281,-118 z m 20133,-864 c 8,-5 -37,-52 -130,-137 -78,-71 -150,-135 -161,-142 -28,-21 96,218 131,251 44,42 110,53 160,28 z m -7932,-262 c 280,-99 617,-219 749,-266 132,-46 443,-161 691,-254 248,-93 461,-169 473,-169 13,0 44,17 70,39 25,21 60,45 77,54 33,17 318,96 954,266 469,125 548,150 597,187 42,32 72,94 73,148 0,37 1,38 28,31 15,-4 195,-42 400,-86 865,-183 1903,-378 2657,-500 138,-22 257,-43 266,-47 14,-6 -10,-37 -113,-152 -599,-665 -1056,-1346 -1359,-2025 l -59,-130 -273,-5 -273,-5 -66,-33 c -78,-38 -129,-94 -159,-172 -18,-47 -19,-81 -19,-560 0,-561 5,-520 -57,-504 l -22,6 -3,512 -3,511 -24,53 c -31,68 -113,144 -183,169 -51,17 -142,18 -2153,18 -2406,0 -2161,10 -2267,-95 -46,-47 -60,-69 -75,-119 -11,-37 -23,-61 -32,-61 -31,0 -935,247 -1486,406 -658,190 -1791,537 -1808,553 -7,7 349,359 608,601 571,533 1328,1146 1990,1610 105,74 210,148 235,166 25,18 48,33 51,33 3,1 235,-80 515,-180 z m 7653,-271 c -56,-73 -125,-163 -153,-200 -39,-53 -56,-68 -76,-68 -41,0 -54,13 -40,41 11,25 349,358 362,359 5,0 -38,-60 -93,-132 z"
       id="path18"
       inkscape:connector-curvature="0" />
    <path
       d="m 15220,39050 c -80,-17 -164,-66 -224,-131 -73,-78 -101,-162 -94,-277 8,-112 37,-181 112,-256 67,-69 125,-96 205,-96 90,1 141,39 231,173 57,85 106,112 185,104 71,-7 123,-36 178,-97 84,-93 127,-217 127,-360 -1,-129 -40,-205 -143,-271 -148,-96 -260,-105 -677,-54 -392,47 -479,42 -646,-40 -130,-63 -196,-140 -230,-268 -58,-213 9,-655 127,-837 47,-73 68,-86 108,-66 46,24 49,49 30,221 -14,121 -2,194 41,254 50,68 156,107 370,137 120,17 196,15 242,-6 62,-29 93,-165 85,-364 -10,-266 -98,-473 -278,-654 -103,-103 -188,-165 -314,-227 -128,-63 -217,-89 -357,-106 -297,-34 -552,52 -744,253 -127,132 -184,255 -192,413 -11,229 68,380 283,540 64,48 121,98 127,111 14,31 -9,94 -41,110 -19,10 -36,8 -90,-7 -36,-11 -101,-22 -143,-26 -73,-6 -81,-4 -142,26 -131,64 -261,237 -302,401 -24,94 -16,228 17,300 35,76 115,160 189,199 54,29 69,33 119,29 79,-6 119,-36 201,-150 38,-53 82,-106 96,-117 32,-25 83,-27 130,-5 55,26 133,102 162,158 24,46 27,62 27,151 0,89 -3,105 -27,150 -36,68 -101,128 -172,161 -52,24 -67,26 -140,22 -98,-6 -174,-32 -279,-96 -237,-142 -484,-400 -591,-616 -134,-271 -121,-508 40,-718 100,-129 165,-158 358,-158 101,0 135,-3 139,-13 8,-21 -17,-69 -65,-122 -129,-145 -242,-388 -284,-610 -24,-130 -15,-309 21,-430 93,-315 374,-606 670,-694 189,-56 417,-44 635,35 354,127 712,458 884,817 131,273 186,530 207,962 5,126 12,240 15,252 3,17 28,34 102,69 243,115 263,126 323,181 106,99 189,234 230,375 43,150 36,411 -16,593 -74,253 -241,480 -440,595 -113,65 -284,100 -385,80 z"
       id="path20"
       inkscape:connector-curvature="0" />
    <path
       d="m 9490,33814 c -448,-696 -815,-1270 -815,-1276 0,-5 574,-380 1275,-833 957,-617 1278,-820 1287,-811 17,16 1633,2524 1633,2535 0,9 -372,251 -386,251 -5,0 -319,-482 -698,-1071 -379,-588 -694,-1068 -700,-1066 -25,10 -681,438 -684,446 -2,5 297,473 663,1041 366,567 665,1035 665,1038 -1,7 -355,237 -380,246 -11,4 -192,-270 -679,-1024 -365,-567 -668,-1033 -673,-1036 -12,-8 -670,418 -665,430 3,6 313,490 691,1076 540,837 683,1067 674,1076 -21,19 -376,244 -385,244 -4,-1 -375,-570 -823,-1266 z"
       id="path22"
       inkscape:connector-curvature="0" />
    <path
       d="m 8660,31624 c -80,-15 -190,-48 -245,-73 -167,-76 -325,-223 -403,-376 -28,-56 -1003,-2397 -999,-2401 1,-1 632,-264 1402,-584 770,-320 1403,-584 1406,-586 7,-4 189,429 184,434 -2,2 -207,89 -456,192 -250,104 -455,192 -456,197 -2,5 177,443 398,974 220,530 409,997 420,1036 54,213 22,437 -92,640 -64,114 -217,265 -324,320 -101,52 -409,179 -495,205 -64,19 -280,33 -340,22 z m 197,-474 c 64,-15 381,-148 437,-183 125,-79 195,-247 163,-392 -12,-55 -789,-1938 -808,-1959 -8,-10 -1009,402 -1009,415 0,15 791,1914 811,1945 24,40 107,117 147,138 77,40 180,54 259,36 z"
       id="path24"
       inkscape:connector-curvature="0" />
    <path
       d="m 8126,27075 c -901,-261 -1642,-478 -1646,-482 -4,-4 -35,-149 -70,-322 l -63,-313 24,-23 c 13,-13 605,-494 1314,-1070 710,-576 1298,-1055 1308,-1063 9,-8 19,-13 22,-11 4,5 102,471 107,516 3,17 -55,66 -327,273 -275,210 -329,255 -327,273 13,83 395,1943 400,1948 4,3 183,50 397,104 215,54 395,103 402,109 6,6 34,126 62,266 56,277 54,270 44,269 -5,0 -746,-214 -1647,-474 z m 214,-447 c 0,-14 -290,-1441 -293,-1445 -2,-1 -178,140 -392,314 -503,408 -648,515 -898,663 -113,67 -120,59 65,79 53,6 165,28 250,50 151,39 1009,279 1163,325 94,29 105,30 105,14 z"
       id="path26"
       inkscape:connector-curvature="0" />
    <path
       d="m 5957,23403 c -4,-87 -7,-192 -7,-234 l 0,-77 153,-6 c 83,-3 370,-8 636,-11 267,-3 486,-7 488,-8 2,-3 -15,-1360 -27,-2151 0,-5 -261,-6 -640,-2 l -640,7 0,-234 0,-235 343,-6 c 530,-10 2699,-37 2703,-34 1,2 6,107 10,234 l 7,232 -204,6 c -112,3 -406,8 -654,11 -247,3 -450,7 -450,8 -1,1 4,416 11,922 7,506 13,992 13,1079 l 1,159 655,-7 655,-8 0,239 0,239 -1417,17 c -780,10 -1466,18 -1524,17 l -106,0 -6,-157 z"
       id="path28"
       inkscape:connector-curvature="0" />
    <path
       d="m 8190,20094 c -328,-37 -548,-181 -681,-449 -88,-177 -126,-401 -108,-637 4,-62 60,-425 124,-805 74,-444 115,-719 115,-765 0,-184 -102,-354 -244,-407 -213,-80 -409,11 -516,240 -28,60 -48,168 -223,1212 -106,630 -195,1148 -198,1151 -3,4 -108,-10 -233,-31 -198,-33 -226,-40 -226,-56 0,-52 363,-2187 385,-2261 37,-128 79,-230 129,-319 229,-402 628,-548 1057,-388 219,82 395,277 472,526 41,132 52,218 51,390 -1,156 -5,180 -123,883 -66,397 -121,743 -121,768 0,174 110,347 259,406 43,17 77,22 151,22 85,0 101,-2 153,-28 71,-36 155,-123 195,-203 41,-80 41,-83 248,-1328 97,-588 181,-1074 185,-1079 7,-8 439,57 459,69 9,5 -352,2161 -381,2275 -68,267 -201,499 -367,636 -79,66 -221,138 -312,158 -72,16 -195,26 -250,20 z"
       id="path30"
       inkscape:connector-curvature="0" />
    <path
       d="m 22445,11855 c -22,-8 -57,-33 -77,-56 -73,-80 -68,45 -68,-1834 0,-1498 2,-1697 15,-1744 21,-67 84,-135 142,-150 30,-8 226,-11 662,-9 l 619,3 44,30 c 28,21 53,50 73,90 l 30,59 0,1721 0,1721 -30,59 c -20,40 -45,69 -73,90 l -44,30 -626,2 c -520,2 -634,0 -667,-12 z"
       id="path32"
       inkscape:connector-curvature="0" />
    <path
       d="m 24180,10400 c -98,-8 -176,-24 -197,-42 -10,-8 -13,-58 -13,-188 l 0,-178 40,-16 c 22,-9 79,-20 127,-26 119,-13 4276,-14 4395,0 48,6 104,16 125,23 l 38,12 3,186 2,186 -27,12 c -85,34 -100,35 -2263,36 -1174,2 -2178,-1 -2230,-5 z"
       id="path34"
       inkscape:connector-curvature="0" />
  </g>
</svg>
